>> example
 iter            step            fval         norm(g)
    1          1.0000      2.7262e-01      2.2466e+00
    2          1.0000     -1.9366e-01      1.5990e+00
    3          1.0000     -6.9105e-01      1.3648e+00
    4          1.0000     -9.5723e-01      6.6742e-01
    5          0.5000     -9.8097e-01      3.9018e-01
    6          1.0000     -9.9033e-01      1.8718e-01
    7          1.0000     -9.9633e-01      1.1393e-01
    8          1.0000     -9.9916e-01      4.9522e-02
    9          1.0000     -9.9937e-01      5.1783e-02
   10          1.0000     -9.9951e-01      1.7976e-02
   11          1.0000     -9.9956e-01      1.4716e-02
   12          1.0000     -9.9966e-01      1.9418e-02
   13          1.0000     -9.9978e-01      1.8933e-02
   14          0.2500     -9.9983e-01      2.9701e-02
   15          1.0000     -9.9992e-01      1.1072e-02
   16          1.0000     -9.9995e-01      9.0333e-03
   17          1.0000     -9.9999e-01      8.1031e-03
   18          0.5000     -1.0000e+00      2.8481e-03
   19          1.0000     -1.0000e+00      1.4751e-03
   20          1.0000     -1.0000e+00      1.2930e-03
   21          1.0000     -1.0000e+00      4.5184e-03
   22          1.0000     -1.0000e+00      1.1727e-03
   23          1.0000     -1.0000e+00      6.4691e-04
   24          1.0000     -1.0000e+00      4.3694e-04
   25          1.0000     -1.0000e+00      7.8655e-04
   26          1.0000     -1.0000e+00      3.4770e-04
   27          1.0000     -1.0000e+00      1.3264e-04
   28          1.0000     -1.0000e+00      1.0341e-04
   29          1.0000     -1.0000e+00      8.6853e-05
   30          1.0000     -1.0000e+00      2.1909e-04
   31          1.0000     -1.0000e+00      1.1616e-04
   32          1.0000     -1.0000e+00      1.1930e-04
   33          1.0000     -1.0000e+00      2.0596e-04
   34          1.0000     -1.0000e+00      1.6105e-04
   35          1.0000     -1.0000e+00      2.8748e-05
   36          1.0000     -1.0000e+00      2.1828e-05
   37          0.5000     -1.0000e+00      3.4797e-05
   38          1.0000     -1.0000e+00      2.6189e-05
   39          1.0000     -1.0000e+00      2.7680e-05
   40          1.0000     -1.0000e+00      1.2962e-05
   41          1.0000     -1.0000e+00      9.5510e-06
   42          1.0000     -1.0000e+00      1.0398e-05
   43          1.0000     -1.0000e+00      2.9388e-06
   44          1.0000     -1.0000e+00      2.6147e-06
   45          1.0000     -1.0000e+00      2.7545e-06
   46          1.0000     -1.0000e+00      2.7324e-06
   47          1.0000     -1.0000e+00      2.9478e-06
   48          1.0000     -1.0000e+00      1.1632e-06
   49         16.2000     -1.0000e+00      4.5149e-06
   50          1.0000     -1.0000e+00      2.3622e-06
   51          1.0000     -1.0000e+00      1.7118e-06
   52          1.0000     -1.0000e+00      3.1160e-06
   53          1.0000     -1.0000e+00      2.6488e-06
   54          0.2500     -1.0000e+00      3.9443e-06
   55          1.0000     -1.0000e+00      8.6651e-07
   56          1.0000     -1.0000e+00      4.5791e-07
   57          1.0000     -1.0000e+00      1.9407e-07
   58          1.0000     -1.0000e+00      2.5137e-07
   59          0.2500     -1.0000e+00      3.0947e-07
   60          1.0000     -1.0000e+00      2.7192e-08
   61          1.0000     -1.0000e+00      4.9799e-08
   62          1.0000     -1.0000e+00      4.7720e-08
   63          0.5000     -1.0000e+00      9.9496e-08
   64          1.0000     -1.0000e+00      3.4033e-08
   65          1.0000     -1.0000e+00      1.2440e-08
   66          1.0000     -1.0000e+00      7.5346e-09
   67          1.0000     -1.0000e+00      6.0128e-09
   68          1.0000     -1.0000e+00      6.5780e-09
   69          1.0000     -1.0000e+00      6.6445e-09
   70          1.0000     -1.0000e+00      1.5054e-09
   71          1.0000     -1.0000e+00      1.3692e-09
   72          1.0000     -1.0000e+00      1.1437e-09
   73          0.9844     -1.0000e+00      3.4601e-09
   74          1.0000     -1.0000e+00      3.1360e-10
   75          1.0000     -1.0000e+00      2.2152e-10
   76          1.0000     -1.0000e+00      1.3026e-10
   77          1.0000     -1.0000e+00      1.3248e-10
   78          1.0000     -1.0000e+00      1.5912e-10
   79          1.0000     -1.0000e+00      1.7554e-10
   80          0.9844     -1.0000e+00      3.0100e-10
   81          1.0000     -1.0000e+00      4.4373e-11
   82          1.0000     -1.0000e+00      2.7016e-11

X =

    0.2500
   -0.7500
   -0.0000
    0.5000
    0.0000
   -0.2500


F =

    -1


k =

    82

Elapsed time is 0.064169 seconds.
